180
8742
2593
399
812
563
241
3329
9571
8680
8346
9074
3842
7418
7721
9219
217
5624
9425
8417
3575
5374
7598
7816
715
8851
7967
7389
5652
7453
1898
7962
3857
3814
6374
7143
8820
385
1462
5204
633
5567
2694
7950
2323
1813
3881
5909
5005
3201
2338
1251
403
8985
8122
6591
7099
7182
312
4008
2547
2105
6202
2270
4069
4509
97
9626
8527
5538
4906
4485
9223
538
1281
682
9594
1930
525
1745
6741
205
6916
7392
6411
8611
9507
9677
9260
6301
5860
3016
8432
9266
1069
6782
8969
3185
8389
6172
5378
4186
5008
2825
7243
547
1928
736
3210
194
8313
6834
336
9828
6587
9959
3219
3017
5724
1659
2216
7623
2371
6783
9725
5552
1592
8953
5711
9941
8891
8924
2584
4389
9576
4736
9642
1964
2797
7221
1215
1077
3636
3271
2821
1347
4766
4487
3532
7935
7525
9505
9345
5031
9055
5284
5475
6819
6512
3841
7743
3132
762
6744
7597
9368
2362
7598
2099
7155
1789
4487
181
2121
8204
8921
8423
5695
2116
2540
6873
1941
4047
8145
9666
851
8429
5715
8272
4127
4653
8969
8988
2234
504
4353
4877
1122
9186
1440
8148
7199
3180
2410
9893
1827
2326
5325
2889
6065
8896
6729
5665
2696
4634
9027
5094
9899
2970
2366
393
145
430
2416
6839
2832
6884
9984
5632
4412
2080
440
8403
3015
12
3123
4985
9732
1961
7362
4706
8736
8831
1518
7350
8802
4303
317
100
6857
4745
1689
1032
5116
1310
2850
7420
3805
3191
4867
3708
9834
3651
1110
2762
6733
9651
9709
5248
8866
457
3788
9866
2179
9942
5148
8737
8072
7573
3106
942
3152
5766
4536
2552
3222
5667
71
7780
5753
292
4361
9475
9224
2159
2761
2968
9712
1702
5099
6138
4746
1191
2363
6561
5075
1970
3200
4953
8155
6092
6177
8905
3169
9373
2179
6747
1969
9295
4647
1233
2093
9176
5993
570
705
9411
3484
8178
9088
7619
631
5356
1699
8785
8244
6617
6341
913
7025
4838
1748
8051
2735
6337
9372
108
5322
6638
3419
881
4142
5645
748
5888
5376
6659
7784
7490
4840
6191
948
8388
588
3904
72
1590
779
7918
2095
5051
8516
3095
3346
6333
9602
142
366
7385
3066
5094
7713
5537
7262
5670
5101
199
8381
4529
9041
1867
5591
7395
2096
9324
7823
6762
238
7054
6256
3349
1896
7212
7792
366
2543
8604
999
6653
2876
8819
3265
9043
5678
194
4975
7372
683
6473
4019
4914
2014
7594
2010
6266
4353
3242
8754
9632
276
8531
3576
2454
2554
1794
9223
5486
494
4202
5988
5190
9901
3135
847
4251
4720
2682
8613
8851
8269
8637
2059
5399
5315
7549
7182
802
1635
3926
720
7939
3861
5279
6762
7391
3677
4993
5501
8728
2701
8285
4246
7749
6301
3848
1657
268
5866
3911
6765
4815
1900
9465
9172
6548
5533
9746
6056
6742
1702
4755
1887
3237
1237
9066
5241
8388
2181
6958
5097
9112
4620
3160
8349
8781
4065
7468
2245
1169
1362
2298
1911
9761
8889
6851
1532
4180
4374
4119
1844
213
8614
3906
3406
7026
8808
2123
2796
1369
4080
7218
8342
5948
3825
4103
6303
5489
1275
8805
6094
2239
4764
6433
1120
4975
8235
765
6561
9249
4127
4624
5586
8087
801
2440
3025
424
8326
3996
617
8073
7351
2836
7015
1762
3080
7076
2621
298
9865
8101
2207
2841
6297
250
9909
8229
6182
3120
4395
1159
105
7380
2974
9100
7863
9486
6521
8958
7780
3511
1271
6364
9974
7330
8810
6671
2504
9482
1483
4576
3508
3339
2783
5436
6609
698
7790
6138
1779
5012
9392
7573
3552
8312
6147
5159
4961
8860
3246
7482
934
9197
3179
5963
6449
8139
4709
2778
4549
1775
4942
3394
3041
8950
7852
6265
4665
5668
6266
1997
9233
4424
6123
4419
3189
198
3064
1524
7540
1264
8605
8958
6665
6231
8512
5616
4882
4668
1750
1714
3302
4046
5408
3052
1077
3772
7498
9630
7581
3039
6390
3540
707
601
442
4558
2232
6406
5368
81
9842
7810
5024
9911
6686
9217
6210
2780
8065
978
3444
8551
4115
3170
7814
7576
2996
1854
5993
8215
3041
5378
6668
8269
1883
5560
2115
2996
6980
8479
7012
2494
4902
3452
2772
1514
7016
9257
1106
3438
5545
823
3462
7046
6327
2886
8842
7889
1609
3012
2798
5593
4288
5100
1895
6577
5860
329
2534
5782
9292
5904
9284
8387
6167
6334
1718
7035
4484
9675
3709
6021
3448
8539
8227
6275
2257
5113
5046
7941
8040
7156
1298
9197
9378
9013
2940
9843
8260
7327
8411
4038
622
5956
7335
1271
4895
7903
3380
902
1012
7369
2524
5081
4970
2334
430
2118
2870
2224
5989
2653
8615
5595
8845
9758
875
4101
8983
605
8656
412
9521
2273
9577
1747
4145
2959
3
9566
4000
9359
286
7869
4748
9684
9760
880
6518
3416
4157
1244
8324
675
8963
8647
6572
1792
2329
3552
9178
182
2818
8286
689
7371
7537
7
448
3026
2237
9908
347
9810
7509
4859
7653
446
7402
7579
2103
3173
4651
7906
9822
3824
1514
7420
8571
2886
2263
1379
5853
6401
1042
9785
6307
6417
4612
6711
4843
7912
4264
6467
7904
9628
1232
5826
3429
5745
8332
6442
1898
9595
4290
3082
2926
4323
127
1560
6633
6412
3874
7690
9058
7862
3360
577
4356
8333
5485
4283
8096
9336
3659
9370
7535
7614
7732
8493
9427
5876
686
8871
2203
4710
3970
4809
2614
6513
5405
5345
1565
8253
1501
8875
5739
4372
4984
714
6390
2896
2926
1873
1789
3508
8132
5261
2230
8779
6772
3506
5785
9570
3070
9390
6517
3279
3038
6627
5659
1579
6064
3607
7267
1413
5905
3258
3549
4868
2411
9549
5985
3072
8235
2453
3103
5501
8258
914
1708
6809
8900
5681
4224
8882
6550
1171
5883
2736
8900
8653
8611
5985
1569
970
7234
5726
1869
4944
7536
2913
2567
4509
21
9043
8865
2266
3341